Afu5g14910_cgnA	IFM_55369.scaffold_1	98.13	589	2	9	1	580	363204	363792	2.7e-213	747.5
Afu5g14910_cgnA	IFM_55369.scaffold_1	77.66	94	16	5	106	199	365890	365978	1.7e-10	73.8
Afu5g14910_cgnA	IFM_59361.scaffold_93	97.11	519	15	0	62	580	87408	87926	3.4e-194	684.0
Afu5g14910_cgnA	IFM_59361.scaffold_93	77.66	94	16	5	106	199	90024	90112	1.7e-10	73.8
Afu5g14910_cgnA	DRR022925.scaffold_93	97.11	519	15	0	580	62	21259	21777	3.4e-194	684.0
Afu5g14910_cgnA	DRR022925.scaffold_93	80.77	78	11	4	181	104	19073	19146	2.5e-09	69.9
Afu5g14910_cgnA	DRR022927.scaffold_125	97.11	519	15	0	580	62	21259	21777	3.4e-194	684.0
Afu5g14910_cgnA	DRR022927.scaffold_125	80.77	78	11	4	181	104	19073	19146	2.5e-09	69.9
Afu5g14910_cgnA	DRR022926.scaffold_97	97.11	519	15	0	580	62	21259	21777	3.4e-194	684.0
Afu5g14910_cgnA	DRR022926.scaffold_97	80.77	78	11	4	181	104	19073	19146	2.5e-09	69.9
Afu5g14910_cgnA	B52_25.scaffold_31	90.44	565	44	44	580	26	24900	25464	7.3e-191	673.0
Afu5g14910_cgnA	B52_25.scaffold_31	100.00	97	0	0	97	1	25465	25561	1.6e-29	137.0
Afu5g14910_cgnA	B52_25.scaffold_31	76.60	94	17	5	217	124	22714	22802	9.5e-10	71.3
Afu5g14910_cgnA	IFM_61578.scaffold_202	92.78	554	40	0	580	27	23972	24525	5e-190	670.2
Afu5g14910_cgnA	IFM_61578.scaffold_202	76.60	94	17	5	190	97	21788	21876	9.5e-10	71.3
Afu5g14910_cgnA	IFM_59356-3.scaffold_21	89.93	556	55	46	26	580	142593	143148	4.1e-189	667.1
Afu5g14910_cgnA	IFM_59356-3.scaffold_21	100.00	88	0	0	1	88	142505	142592	9.3e-26	124.5
Afu5g14910_cgnA	IFM_59356-3.scaffold_21	77.66	94	16	5	106	199	145246	145334	1.7e-10	73.8
Afu5g14910_cgnA	ERR769498.scaffold_41	88.66	582	56	47	9	580	37149	37730	3.4e-188	664.1
Afu5g14910_cgnA	ERR769498.scaffold_41	77.66	94	16	5	106	199	39828	39916	1.7e-10	73.8
Afu5g14910_cgnA	SRR068950.scaffold_41	89.03	556	60	50	26	580	237925	238480	2.3e-186	658.0
Afu5g14910_cgnA	SRR068950.scaffold_41	100.00	61	0	0	1	61	237864	237924	1.7e-14	87.1
Afu5g14910_cgnA	SRR068950.scaffold_41	77.66	94	16	5	106	199	240578	240666	1.7e-10	73.8
Afu5g14910_cgnA	A1163.scf_000006_A_fumigatus_A1163	96.81	501	16	0	580	80	1974637	1975137	6.1e-186	656.6
Afu5g14910_cgnA	A1163.scf_000006_A_fumigatus_A1163	80.77	78	11	4	181	104	1972451	1972524	2.5e-09	69.9
Afu5g14910_cgnA	COH880.scaffold_68	96.61	501	17	0	580	80	74145	74645	3.4e-185	654.1
Afu5g14910_cgnA	COH880.scaffold_68	75.53	94	18	5	127	34	71959	72047	5.3e-09	68.8
Afu5g14910_cgnA	ERR769504.scaffold_83	88.50	565	55	50	580	26	31836	32400	2.4e-183	648.0
Afu5g14910_cgnA	ERR769504.scaffold_83	100.00	70	0	0	70	1	32401	32470	3e-18	99.6
Afu5g14910_cgnA	ERR769504.scaffold_83	80.77	78	11	4	181	104	29650	29723	2.5e-09	69.9
Afu5g14910_cgnA	AFIS1435CDC_6.scaffold_67	96.75	492	16	0	580	89	74136	74627	3.5e-182	644.1
Afu5g14910_cgnA	AFIS1435CDC_6.scaffold_67	75.53	94	18	5	127	34	71950	72038	5.3e-09	68.8
Afu5g14910_cgnA	SRR7418935.scaffold_49	97.05	474	14	0	580	107	125743	126216	3.5e-176	624.2
Afu5g14910_cgnA	SRR7418935.scaffold_49	75.53	94	18	5	127	34	123557	123645	5.3e-09	68.8
Afu5g14910_cgnA	IFM_62516.scaffold_273	100.00	428	0	0	153	580	1	428	1.6e-167	595.4
Afu5g14910_cgnA	IFM_62516.scaffold_273	77.66	94	16	5	106	199	2526	2614	1.7e-10	73.8
Afu5g14910_cgnA	SRR7418934.scaffold_468	98.40	438	7	0	143	580	2246	2683	2e-166	591.8
Afu5g14910_cgnA	SRR7418934.scaffold_468	77.66	94	16	5	106	199	4781	4869	1.7e-10	73.8
Afu5g14910_cgnA	AF_12.scaffold_2	81.29	556	103	97	26	580	297927	298482	7.6e-166	589.9
Afu5g14910_cgnA	AF_12.scaffold_2	100.00	88	0	0	1	88	297839	297926	9.3e-26	124.5
Afu5g14910_cgnA	IFM_59356-1.scaffold_6	81.12	556	104	98	580	26	130404	130959	2.4e-165	588.2
Afu5g14910_cgnA	IFM_59356-1.scaffold_6	100.00	88	0	0	88	1	130960	131047	9.3e-26	124.5
Afu5g14910_cgnA	IFM_59356-1.scaffold_6	76.60	94	17	5	217	124	128218	128306	9.5e-10	71.3
Afu5g14910_cgnA	IFM_59355-1.scaffold_5	80.94	556	105	99	580	26	124769	125324	7.6e-165	586.5
Afu5g14910_cgnA	IFM_59355-1.scaffold_5	100.00	88	0	0	88	1	125325	125412	9.3e-26	124.5
Afu5g14910_cgnA	IFM_59355-1.scaffold_5	76.60	94	17	5	217	124	122583	122671	9.5e-10	71.3
Afu5g14910_cgnA	IFM_59355-2.scaffold_1	80.76	556	106	97	26	580	363170	363725	1.4e-163	582.4
Afu5g14910_cgnA	IFM_59355-2.scaffold_1	100.00	88	0	0	1	88	363082	363169	9.3e-26	124.5
Afu5g14910_cgnA	IFM_59355-2.scaffold_1	77.66	94	16	5	106	199	365823	365911	1.7e-10	73.8
Afu5g14910_cgnA	IFM_59359.scaffold_859	100.00	391	0	0	190	580	1	391	4.4e-152	544.1
Afu5g14910_cgnA	IFM_59359.scaffold_859	77.89	95	14	7	187	280	2489	2577	6.5e-10	71.9
Afu5g14910_cgnA	SRR7418942.scaffold_513	99.23	392	3	0	580	189	6126	6517	3e-150	538.0
Afu5g14910_cgnA	SRR7418942.scaffold_513	76.60	94	17	5	217	124	3940	4028	9.6e-10	71.3
Afu5g14910_cgnA	IFM_59356-2.scaffold_795	100.00	378	0	0	203	580	1	378	1.2e-146	526.1
Afu5g14910_cgnA	IFM_59356-2.scaffold_795	77.66	94	16	5	106	199	2476	2564	1.7e-10	73.8
Afu5g14910_cgnA	SRR7418931.scaffold_308	100.00	369	0	0	580	212	25499	25867	6.5e-143	513.7
Afu5g14910_cgnA	SRR7418931.scaffold_308	80.77	78	11	4	181	104	23313	23386	2.5e-09	69.9
Afu5g14910_cgnA	SRR7418932.scaffold_456	99.18	366	3	0	215	580	6718	7083	2.1e-139	502.0
Afu5g14910_cgnA	SRR7418932.scaffold_456	77.66	94	16	5	106	199	9181	9269	1.7e-10	73.8
Afu5g14910_cgnA	Afum_niveus_RP2014_gbk.JHOI01000217.1	100.00	348	0	0	233	580	1	348	3.7e-134	484.6
Afu5g14910_cgnA	Afum_niveus_RP2014_gbk.JHOI01000217.1	77.66	94	16	5	106	199	2446	2534	1.7e-10	73.8
Afu5g14910_cgnA	IFM_62516.scaffold_224	99.23	261	2	0	1	261	43250	43510	2.2e-96	359.1
Afu5g14910_cgnA	SRR7418931.scaffold_246	98.21	223	4	0	223	1	1	223	4.9e-79	301.5
Afu5g14910_cgnA	Afum_niveus_RP2014_gbk.JHOI01000386.1	98.64	220	3	0	220	1	1	220	1.5e-78	299.8
Afu5g14910_cgnA	IFM_59359.scaffold_170	99.31	145	1	0	145	1	2	146	9e-49	200.9
Afu5g14910_cgnA	SRR7418942.scaffold_773	98.56	139	2	0	1	139	1341	1479	1.6e-45	190.1
Afu5g14910_cgnA	SRR7418940.scaffold_722	98.39	124	2	0	1	124	2476	2599	2.9e-39	169.4
Afu5g14910_cgnA	IFM_59356-2.scaffold_1030	100.00	97	0	0	97	1	1	97	1.6e-29	137.0
Afu5g14910_cgnA	AFIS1435CDC_6.scaffold_133	60.39	361	135	8	361	7	20075	20433	6.3e-28	131.7
Afu5g14910_cgnA	AFIS1435CDC_6.scaffold_133	57.51	233	92	7	328	97	11909	12135	6.5e-09	68.5
Afu5g14910_cgnA	B52_24.scaffold_68	62.00	300	107	7	58	357	140015	140307	1.4e-26	127.3
Afu5g14910_cgnA	B72_15.scaffold_24	62.00	300	107	7	58	357	345705	345997	1.4e-26	127.3
Afu5g14910_cgnA	IFM_61407.scaffold_411	62.00	300	107	7	58	357	4035	4327	1.4e-26	127.3
Afu5g14910_cgnA	HMR_AF706_gbk.NKHS01000403.1	62.00	300	107	7	58	357	4742	5034	1.4e-26	127.3
Afu5g14910_cgnA	IFM_60514.scaffold_349	62.00	300	107	7	357	58	7465	7757	1.4e-26	127.3
Afu5g14910_cgnA	B75_26.scaffold_69	61.67	300	108	7	58	357	132716	133008	7.7e-26	124.8
Afu5g14910_cgnA	ERR769501.scaffold_113	62.54	283	102	4	314	32	23979	24257	1.7e-25	123.7
Afu5g14910_cgnA	SRR617728.scaffold_186	62.54	283	102	4	32	314	5488	5766	1.7e-25	123.7
Afu5g14910_cgnA	SRR617723.scaffold_173	62.54	283	102	4	314	32	9402	9680	1.7e-25	123.7
Afu5g14910_cgnA	SRR617726.scaffold_179	62.54	283	102	4	314	32	9402	9680	1.7e-25	123.7
Afu5g14910_cgnA	SRR617730.scaffold_179	62.54	283	102	4	314	32	9402	9680	1.7e-25	123.7
Afu5g14910_cgnA	B52_28.scaffold_41	62.54	283	102	4	32	314	19329	19607	3.6e-24	119.2
Afu5g14910_cgnA	B5258CDC_22.scaffold_42	62.54	283	102	4	32	314	19361	19639	3.6e-24	119.2
Afu5g14910_cgnA	ERR769511.scaffold_45	62.54	283	102	4	314	32	232238	232516	3.6e-24	119.2
Afu5g14910_cgnA	SRR5676586.scaffold_106	62.54	283	102	4	314	32	30369	30647	3.6e-24	119.2
Afu5g14910_cgnA	SRR617722.scaffold_140	59.65	342	133	5	30	367	5931	6271	4.4e-24	118.9
Afu5g14910_cgnA	B68_3.scaffold_130	59.29	339	130	8	30	367	6242	6573	6.4e-22	111.7
Afu5g14910_cgnA	HMR_AF270_gbk.NKHT01000156.1	59.77	353	129	13	378	35	9169	9517	9.4e-22	111.2
Afu5g14910_cgnA	DRR022926.scaffold_149	61.57	281	104	4	378	102	12378	12658	3.6e-21	109.2
Afu5g14910_cgnA	DRR022925.scaffold_146	61.57	281	104	4	378	102	12261	12541	3.6e-21	109.2
Afu5g14910_cgnA	SRR7418935.scaffold_234	64.32	213	76	0	102	314	814	1026	7.8e-21	108.1
Afu5g14910_cgnA	Af210_gbk.AFXM01000334.1	59.86	289	110	6	288	4	4480	4766	1.7e-20	107.0
Afu5g14910_cgnA	SRR7418939.scaffold_520	57.83	332	138	2	357	28	6736	7067	2e-20	106.8
Afu5g14910_cgnA	COH880.scaffold_288	61.13	265	101	2	357	95	1148	1412	3e-20	106.2
Afu5g14910_cgnA	SRR068950.scaffold_281	60.85	258	99	2	102	357	945	1202	7.8e-19	101.5
Afu5g14910_cgnA	SRR7418932.scaffold_1649	60.85	258	99	2	102	357	1140	1397	7.8e-19	101.5
Afu5g14910_cgnA	SRR7418934.scaffold_649	60.85	258	99	2	357	102	596	853	7.8e-19	101.5
Afu5g14910_cgnA	Mo_3_1_1.scaffold_2	57.30	274	113	24	337	67	42938	43210	1.7e-17	97.1
Afu5g14910_cgnA	SRR617727.scaffold_20	58.12	351	134	13	35	376	317007	317353	5.3e-17	95.4
Afu5g14910_cgnA	Af10_gbk.AFXL01000350.1	62.25	249	86	8	378	134	4907	5151	2.5e-15	89.9
Afu5g14910_cgnA	SRR617744.scaffold_187	57.82	275	107	9	357	84	330	596	1.1e-14	87.7
Afu5g14910_cgnA	SRR5676588.scaffold_178	57.89	266	110	2	357	94	324	589	6.4e-14	85.2
Afu5g14910_cgnA	SRR5676588.scaffold_178	57.36	258	102	8	259	7	30	284	4.4e-09	69.1
Afu5g14910_cgnA	SRR5676593.scaffold_163	57.89	266	110	2	357	94	890	1155	6.5e-14	85.2
Afu5g14910_cgnA	SRR5676593.scaffold_163	57.36	258	102	8	259	7	596	850	4.4e-09	69.1
Afu5g14910_cgnA	SRR5676589.scaffold_157	57.89	266	110	2	357	94	890	1155	6.5e-14	85.2
Afu5g14910_cgnA	SRR5676589.scaffold_157	57.36	258	102	8	259	7	596	850	4.4e-09	69.1
Afu5g14910_cgnA	IFM_59356-3.scaffold_664	56.31	293	119	9	357	66	979	1263	3.6e-13	82.7
Afu5g14910_cgnA	IFM_59356-3.scaffold_664	57.36	258	102	8	259	7	685	939	4.4e-09	69.1
Afu5g14910_cgnA	IFM_62516.scaffold_706	56.31	293	119	9	357	66	762	1046	3.6e-13	82.7
Afu5g14910_cgnA	IFM_62516.scaffold_706	57.36	258	102	8	259	7	468	722	4.4e-09	69.1
Afu5g14910_cgnA	IFM_59073.scaffold_472	56.31	293	119	9	66	357	1840	2124	3.6e-13	82.7
Afu5g14910_cgnA	IFM_55369.scaffold_521	56.31	293	119	9	66	357	58	342	3.6e-13	82.7
Afu5g14910_cgnA	IFM_55369.scaffold_521	57.36	258	102	8	7	259	382	636	4.4e-09	69.1
Afu5g14910_cgnA	IFM_59359.scaffold_873	56.31	293	119	9	66	357	58	342	3.6e-13	82.7
Afu5g14910_cgnA	IFM_59359.scaffold_873	57.36	258	102	8	7	259	382	636	4.4e-09	69.1
Afu5g14910_cgnA	B7_CDC_7.scaffold_6	54.30	186	84	46	244	60	255657	255842	4.4e-13	82.4
Afu5g14910_cgnA	AF_12.scaffold_10	54.30	186	84	46	60	244	37097	37282	4.4e-13	82.4
Afu5g14910_cgnA	SRR617744.scaffold_157	64.06	192	62	7	367	179	647	834	2.5e-12	79.9
Afu5g14910_cgnA	IFM_59056.scaffold_270	71.19	118	34	0	160	43	1	118	5.4e-12	78.8
Afu5g14910_cgnA	Af210_gbk.AFXM01000147.1	63.69	168	60	1	33	199	76065	76232	1.4e-11	77.4
Afu5g14910_cgnA	SRR7418948.scaffold_611	64.20	162	56	2	347	188	1117	1278	4.4e-11	75.7
Afu5g14910_cgnA	SRR617744.scaffold_118	58.21	280	109	8	17	295	18675	18947	5.4e-11	75.5
Afu5g14910_cgnA	SRR617744.scaffold_118	61.29	217	71	13	226	440	5202	5407	1.7e-11	77.1
Afu5g14910_cgnA	DRR022927.scaffold_90	62.78	180	62	5	7	181	62767	62946	9.5e-11	74.6
Afu5g14910_cgnA	SRR617744.scaffold_173	62.63	190	65	6	170	357	2150	2335	4.4e-10	72.4
Afu5g14910_cgnA	AF_12.scaffold_2	77.89	95	14	7	178	271	300580	300668	6.5e-10	71.9
Afu5g14910_cgnA	IFM_61407.scaffold_871	66.41	131	44	0	181	51	1	131	6.5e-10	71.9
Afu5g14910_cgnA	SRR7418940.scaffold_664	77.89	95	14	7	178	271	1869	1957	6.5e-10	71.9
Afu5g14910_cgnA	IFM_59073.scaffold_677	56.63	249	106	2	357	111	201	449	7.6e-10	71.6
Afu5g14910_cgnA	IFM_59356-2.scaffold_1036	55.52	290	127	2	84	371	951	1240	7.9e-10	71.6
Afu5g14910_cgnA	IFM_59356-3.scaffold_899	56.23	265	114	2	371	109	167	431	1.4e-09	70.8
Afu5g14910_cgnA	DRR022925.scaffold_45	62.78	180	62	5	181	7	47460	47639	1.4e-09	70.8
Afu5g14910_cgnA	IFM_59361.scaffold_62	62.78	180	62	5	181	7	6960	7139	1.4e-09	70.8
Afu5g14910_cgnA	DRR022926.scaffold_25	62.78	180	62	5	7	181	331522	331701	1.4e-09	70.7
Afu5g14910_cgnA	B6894CDC_5.scaffold_47	62.89	159	58	1	190	33	6898	7056	2e-09	70.2
Afu5g14910_cgnA	IFM_59073.scaffold_34	62.89	159	58	1	190	33	19085	19243	2e-09	70.2
Afu5g14910_cgnA	B7_CDC_7.scaffold_22	62.89	159	58	1	190	33	87270	87428	2e-09	70.2
Afu5g14910_cgnA	A1163.scf_000003_A_fumigatus_A1163	62.89	159	58	1	190	33	3123268	3123426	2e-09	70.2
Afu5g14910_cgnA	IFM_59056.scaffold_33	73.91	92	24	0	54	145	1	92	2e-09	70.2
Afu5g14910_cgnA	Oryx_1.scaffold_11	62.89	159	58	1	33	190	418402	418560	2e-09	70.2
Afu5g14910_cgnA	COH400.scaffold_17	60.34	179	70	1	4	181	378275	378453	2e-09	70.2
Afu5g14910_cgnA	B6_CDC_4.scaffold_18	62.89	159	58	1	33	190	341224	341382	2.1e-09	70.2
Afu5g14910_cgnA	HMR_AF706_gbk.NKHS01000211.1	62.89	159	58	1	190	33	6768	6926	2.1e-09	70.2
Afu5g14910_cgnA	IFM_61118.scaffold_357	62.89	159	58	1	190	33	18612	18770	2.1e-09	70.2
Afu5g14910_cgnA	IFM_61407.scaffold_723	60.34	179	70	1	181	4	2126	2304	2.1e-09	70.2
Afu5g14910_cgnA	COH913.scaffold_12	61.62	185	65	6	7	190	297944	298123	2.5e-09	69.9
Afu5g14910_cgnA	IFM_60514.scaffold_13	60.11	188	74	1	190	4	2126	2313	2.5e-09	69.9
Afu5g14910_cgnA	Af10_gbk.AFXL01000192.1	62.89	159	58	1	33	190	8958	9116	2.5e-09	69.9
Afu5g14910_cgnA	IFM_58026.scaffold_526	60.11	188	74	1	190	4	5356	5543	2.5e-09	69.9
Afu5g14910_cgnA	SRR7418943.scaffold_656	58.20	244	96	6	116	357	635	874	3e-09	69.7
Afu5g14910_cgnA	COH400.scaffold_16	75.58	86	21	0	145	60	356745	356830	3.6e-09	69.4
Afu5g14910_cgnA	B52_23.scaffold_26	75.58	86	21	0	145	60	354831	354916	3.6e-09	69.4
Afu5g14910_cgnA	AF_18.scaffold_25	75.58	86	21	0	145	60	354578	354663	3.6e-09	69.4
Afu5g14910_cgnA	SRR7418949.scaffold_180	75.58	86	21	0	145	60	48018	48103	3.7e-09	69.4
Afu5g14910_cgnA	SRR7418939.scaffold_571	75.29	85	21	0	60	144	5514	5598	9.6e-09	68.0
Afu5g14910_cgnA	SRR7418931.scaffold_10	61.68	167	58	6	7	172	35172	35333	1.2e-08	67.7
Afu5g14910_cgnA	COH1192.scaffold_21	65.15	132	45	1	181	51	64802	64933	1.4e-08	67.4
Afu5g14910_cgnA	SRR617739.scaffold_14	61.67	180	64	5	7	181	299811	299990	1.4e-08	67.4
Afu5g14910_cgnA	COH880.scaffold_20	61.08	185	66	6	190	7	6900	7079	1.4e-08	67.4
Afu5g14910_cgnA	AF_13_14.scaffold_21	63.83	141	50	1	172	33	70703	70843	1.4e-08	67.4
Afu5g14910_cgnA	COH885.scaffold_16	61.08	185	66	6	190	7	6880	7059	1.4e-08	67.4
Afu5g14910_cgnA	SRR617721.scaffold_19	60.34	179	70	1	181	4	207479	207657	1.4e-08	67.4
Afu5g14910_cgnA	S84_NIH.scaffold_15	61.08	185	66	6	190	7	6904	7083	1.4e-08	67.4
Afu5g14910_cgnA	AF_1869.scaffold_23	63.83	141	50	1	172	33	41441	41581	1.4e-08	67.4
Afu5g14910_cgnA	SRR617732.scaffold_5	61.67	180	64	5	181	7	509513	509692	1.4e-08	67.4
Afu5g14910_cgnA	SRR617740.scaffold_13	61.67	180	64	5	181	7	129575	129754	1.4e-08	67.4
Afu5g14910_cgnA	IF1SW-F4_gbk.LWRU01000008.1	61.67	180	64	5	181	7	41452	41631	1.4e-08	67.4
Afu5g14910_cgnA	B7594CDC_27.scaffold_28	61.67	180	64	5	181	7	6892	7071	1.4e-08	67.4
Afu5g14910_cgnA	IFM_61610.scaffold_2	60.34	179	70	1	181	4	41394	41572	1.4e-08	67.4
Afu5g14910_cgnA	AF_1200.scaffold_15	63.83	141	50	1	172	33	207618	207758	1.4e-08	67.4
Afu5g14910_cgnA	SRR7418945.scaffold_7	65.15	132	45	1	51	181	236118	236249	1.4e-08	67.4
Afu5g14910_cgnA	COH694.scaffold_36	61.08	185	66	6	7	190	255645	255824	1.4e-08	67.4
Afu5g14910_cgnA	AF_0667.scaffold_23	63.83	141	50	1	33	172	370272	370412	1.4e-08	67.4
Afu5g14910_cgnA	B72_15.scaffold_48	61.93	176	61	6	7	181	227109	227279	1.4e-08	67.4
Afu5g14910_cgnA	B5960CDC_29.scaffold_19	61.08	185	66	6	7	190	339239	339418	1.4e-08	67.4
Afu5g14910_cgnA	SRR7418932.scaffold_214	65.15	132	45	1	181	51	6773	6904	1.4e-08	67.4
Afu5g14910_cgnA	COH934.scaffold_34	61.08	185	66	6	7	190	155534	155713	1.4e-08	67.4
Afu5g14910_cgnA	IFM_60514.scaffold_593	58.30	235	92	6	357	125	160	390	1.6e-08	67.2
Afu5g14910_cgnA	Z5_gbk.KQ087374.1	64.05	153	50	5	7	154	118627	118779	1.7e-08	67.2
Afu5g14910_cgnA	B75_30.scaffold_148	69.23	104	32	0	154	51	5	108	2.1e-08	66.9
Afu5g14910_cgnA	IFM_61407.scaffold_2662	57.69	234	94	5	125	357	152	381	2.4e-08	66.6
Afu5g14910_cgnA	Mg18_1.scaffold_6	50.88	285	129	53	287	7	231419	231696	2.5e-08	66.6
Afu5g14910_cgnA	COH371.scaffold_16	49.37	239	119	51	287	51	41448	41686	3.6e-08	66.1
Afu5g14910_cgnA	SRR7418941.scaffold_13	62.03	158	54	6	7	163	35178	35330	6.5e-08	65.2
Afu5g14910_cgnA	SRR7418940.scaffold_365	62.03	158	54	6	7	163	8079	8231	6.5e-08	65.2
Afu5g14910_cgnA	SRR7418949.scaffold_63	65.85	123	41	1	51	172	115945	116067	7.9e-08	64.9
Afu5g14910_cgnA	SRR7418942.scaffold_235	65.85	123	41	1	172	51	823	945	7.9e-08	64.9
Afu5g14910_cgnA	C56A1_11.scaffold_318	61.36	176	62	6	181	7	12416	12586	7.9e-08	64.9
Afu5g14910_cgnA	SRR7418939.scaffold_448	65.85	123	41	1	172	51	14670	14792	7.9e-08	64.9
Afu5g14910_cgnA	B75_30.scaffold_128	65.85	123	41	1	51	172	3	125	7.9e-08	64.9
Afu5g14910_cgnA	SRR617745.scaffold_27	67.26	113	36	1	163	52	116774	116886	2.1e-07	63.6
Afu5g14910_cgnA	AFCDC_1.scaffold_12	49.30	284	135	61	287	7	6886	7163	2.1e-07	63.6
Afu5g14910_cgnA	B5258CDC_22.scaffold_16	49.17	240	118	55	287	51	41450	41688	2.5e-07	63.3
Afu5g14910_cgnA	DRR022926.scaffold_12	72.94	85	23	0	61	145	37004	37088	3e-07	63.0
Afu5g14910_cgnA	DRR022925.scaffold_4	72.94	85	23	0	61	145	426812	426896	3e-07	63.0
Afu5g14910_cgnA	DRR022927.scaffold_18	72.94	85	23	0	145	61	354310	354394	3e-07	63.0
Afu5g14910_cgnA	B52_25.scaffold_144	72.94	85	23	0	61	145	20664	20748	3e-07	63.0
Afu5g14910_cgnA	SRR7418935.scaffold_36	63.89	144	47	5	7	145	43621	43764	5.4e-07	62.2
Afu5g14910_cgnA	COH880.scaffold_88	63.89	144	47	5	145	7	68000	68143	5.4e-07	62.2
Afu5g14910_cgnA	SRR7418947.scaffold_108	63.89	144	47	5	145	7	36392	36535	5.4e-07	62.2
Afu5g14910_cgnA	SRR7418946.scaffold_212	63.89	144	47	5	145	7	6778	6921	5.4e-07	62.2
Afu5g14910_cgnA	SRR7418925.scaffold_248	63.89	144	47	5	7	145	28015	28158	5.4e-07	62.2
Afu5g14910_cgnA	SRR617722.scaffold_211	59.80	199	74	6	161	357	1035	1229	5.4e-07	62.2
Afu5g14910_cgnA	SRR7418930.scaffold_297	63.89	144	47	5	7	145	21463	21606	5.4e-07	62.2
Afu5g14910_cgnA	COH762.scaffold_3	63.09	149	49	6	154	7	6877	7020	6.5e-07	61.9
Afu5g14910_cgnA	B52_24.scaffold_8	72.94	85	23	0	145	61	582355	582439	6.5e-07	61.9
Afu5g14910_cgnA	SRR617724.scaffold_21	63.09	149	49	6	154	7	207507	207650	6.5e-07	61.9
Afu5g14910_cgnA	SRR617720.scaffold_27	63.09	149	49	6	7	154	194272	194415	6.5e-07	61.9
Afu5g14910_cgnA	B18_8.scaffold_66	72.94	85	23	0	145	61	7318	7402	6.5e-07	61.9
Afu5g14910_cgnA	B10_20.scaffold_2	63.09	149	49	6	7	154	735087	735230	6.5e-07	61.9
Afu5g14910_cgnA	IFM_59361.scaffold_37	72.94	85	23	0	145	61	181578	181662	6.5e-07	61.9
Afu5g14910_cgnA	B18_8.scaffold_36	48.75	240	119	56	287	51	41620	41858	7.9e-07	61.6
Afu5g14910_cgnA	B52_28.scaffold_15	48.75	240	119	56	287	51	70693	70931	7.9e-07	61.6
Afu5g14910_cgnA	B54_13.scaffold_13	48.75	240	119	56	51	287	451825	452063	7.9e-07	61.6
Afu5g14910_cgnA	IFM_62516.scaffold_1035	57.92	221	87	6	408	192	47	265	2e-06	60.3
Afu5g14910_cgnA	ERR769498.scaffold_19	61.74	149	51	6	154	7	224423	224566	2.1e-06	60.2
Afu5g14910_cgnA	SRR617744.scaffold_80	61.74	149	51	6	7	154	41294	41437	2.1e-06	60.2
Afu5g14910_cgnA	COH400.scaffold_116	49.01	253	123	57	253	7	36358	36610	2.1e-06	60.2
Afu5g14910_cgnA	SRR4002444.scaffold_19	65.79	114	38	1	163	51	129572	129685	2.5e-06	60.0
Afu5g14910_cgnA	B52_16.scaffold_69	67.62	105	33	1	51	154	120462	120566	2.5e-06	60.0
Afu5g14910_cgnA	SRR7418939.scaffold_100	67.62	105	33	1	51	154	47580	47684	2.5e-06	60.0
Afu5g14910_cgnA	S11A_1_1.scaffold_8	65.79	114	38	1	51	163	608881	608994	2.5e-06	59.9
Afu5g14910_cgnA	IFM_59356-2.scaffold_1090	59.70	201	74	7	367	170	1142	1338	4.4e-06	59.1
Afu5g14910_cgnA	SRR617743.scaffold_355	59.70	201	74	7	367	170	2270	2466	4.5e-06	59.1
Afu5g14910_cgnA	AFIS1435CDC_6.scaffold_3	49.03	259	123	61	262	7	6902	7154	5.4e-06	58.8
Afu5g14910_cgnA	IFM_62516.scaffold_699	62.34	154	52	6	357	206	529	678	9.6e-06	58.0
Afu5g14910_cgnA	ERR769501.scaffold_19	62.34	154	52	6	206	357	451462	451611	9.6e-06	58.0
Afu5g14910_cgnA	SRR617722.scaffold_16	62.34	154	52	6	206	357	453167	453316	9.6e-06	58.0
Afu5g14900_hrmA	IFM_59359.scaffold_859	100.00	1710	0	0	1710	1	773	2482	0	4485.9
Afu5g14900_hrmA	SRR7418940.scaffold_664	100.00	1710	0	0	1710	1	153	1862	0	4485.7
Afu5g14900_hrmA	IFM_59356-2.scaffold_795	100.00	1710	0	0	1710	1	760	2469	0	4485.2
Afu5g14900_hrmA	SRR7418942.scaffold_513	100.00	1710	0	0	1	1710	4035	5744	0	4485.0
Afu5g14900_hrmA	Afum_niveus_RP2014_gbk.JHOI01000217.1	100.00	1710	0	0	1710	1	730	2439	0	4484.8
Afu5g14900_hrmA	SRR7418934.scaffold_468	100.00	1710	0	0	1710	1	3065	4774	0	4484.6
Afu5g14900_hrmA	SRR7418932.scaffold_456	100.00	1710	0	0	1710	1	7465	9174	0	4484.1
Afu5g14900_hrmA	SRR7418931.scaffold_308	100.00	1710	0	0	1	1710	23408	25117	0	4483.4
Afu5g14900_hrmA	ERR769504.scaffold_83	100.00	1710	0	0	1	1710	29745	31454	0	4483.0
Afu5g14900_hrmA	IFM_62516.scaffold_273	100.00	1710	0	0	1710	1	810	2519	0	4483.0
Afu5g14900_hrmA	DRR022926.scaffold_97	100.00	1710	0	0	1	1710	19168	20877	0	4482.3
Afu5g14900_hrmA	DRR022927.scaffold_125	100.00	1710	0	0	1	1710	19168	20877	0	4482.3
Afu5g14900_hrmA	DRR022925.scaffold_93	100.00	1710	0	0	1	1710	19168	20877	0	4482.0
Afu5g14900_hrmA	SRR068950.scaffold_41	100.00	1710	0	0	1710	1	238862	240571	0	4481.8
Afu5g14900_hrmA	IFM_59361.scaffold_93	100.00	1710	0	0	1710	1	88308	90017	0	4481.7
Afu5g14900_hrmA	IFM_55369.scaffold_1	100.00	1710	0	0	1710	1	364174	365883	0	4481.6
Afu5g14900_hrmA	SRR7418935.scaffold_49	100.00	1710	0	0	1	1710	123652	125361	0	4481.4
Afu5g14900_hrmA	AFIS1435CDC_6.scaffold_67	100.00	1710	0	0	1	1710	72045	73754	0	4481.3
Afu5g14900_hrmA	COH880.scaffold_68	100.00	1710	0	0	1	1710	72054	73763	0	4481.3
Afu5g14900_hrmA	A1163.scf_000006_A_fumigatus_A1163	100.00	1710	0	0	1	1710	1972546	1974255	0	4481.3
Afu5g14900_hrmA	IFM_59356-3.scaffold_21	100.00	1710	0	0	1710	1	143530	145239	0	4481.3
Afu5g14900_hrmA	ERR769498.scaffold_41	100.00	1710	0	0	1710	1	38112	39821	0	4481.3
Afu5g14900_hrmA	B52_25.scaffold_31	100.00	1710	0	0	1	1710	22809	24518	0	4481.3
Afu5g14900_hrmA	IFM_59355-2.scaffold_1	100.00	1710	0	0	1710	1	364107	365816	0	4481.3
Afu5g14900_hrmA	IFM_59356-1.scaffold_6	100.00	1710	0	0	1	1710	128313	130022	0	4481.3
Afu5g14900_hrmA	IFM_59355-1.scaffold_5	100.00	1710	0	0	1	1710	122678	124387	0	4481.3
Afu5g14900_hrmA	IFM_61578.scaffold_202	97.13	1710	47	2	1	1710	21883	23590	0	4244.3
Afu5g14900_hrmA	AF_12.scaffold_2	100.00	967	0	0	1710	744	298864	299830	0	2526.3
Afu5g14900_hrmA	AF_12.scaffold_2	100.00	893	0	0	893	1	299681	300573	0	2331.6
Afu5g14900_hrmA	B75_30.scaffold_316	60.26	229	89	2	890	1117	266	493	5.2e-32	146.8
Afu5g14900_hrmA	B75_30.scaffold_316	55.85	342	133	18	1194	1520	526	864	1.2e-22	115.8
Afu5g14900_hrmA	SRR7418934.scaffold_555	57.80	327	123	15	1480	1167	1419	1743	8.9e-32	146.1
Afu5g14900_hrmA	SRR7418934.scaffold_555	56.01	341	134	16	1118	791	1744	2081	1.2e-24	122.4
Afu5g14900_hrmA	SRR7418934.scaffold_555	54.13	375	152	20	395	32	2503	2868	4.1e-22	113.9
Afu5g14900_hrmA	SRR068950.scaffold_225	57.80	327	123	15	1167	1480	2790	3114	9e-32	146.0
Afu5g14900_hrmA	SRR068950.scaffold_225	56.01	341	134	16	791	1118	2452	2789	1.2e-24	122.4
Afu5g14900_hrmA	SRR068950.scaffold_225	54.13	375	152	20	32	395	1665	2030	4.1e-22	113.9
Afu5g14900_hrmA	SRR7418940.scaffold_508	56.55	435	160	29	1605	1194	8574	9002	1.7e-31	145.1
Afu5g14900_hrmA	SRR7418940.scaffold_508	58.03	274	111	4	1117	846	9035	9306	8.6e-29	136.1
Afu5g14900_hrmA	SRR7418940.scaffold_508	56.76	259	100	12	290	39	9806	10059	2.8e-19	104.6
Afu5g14900_hrmA	SRR7418942.scaffold_412	57.80	327	123	15	1167	1480	8165	8489	2.2e-31	144.8
Afu5g14900_hrmA	SRR7418932.scaffold_215	57.80	327	123	15	1167	1480	3075	3399	5.9e-31	143.3
Afu5g14900_hrmA	SRR7418932.scaffold_215	56.01	341	134	16	791	1118	2737	3074	7.9e-24	119.6
Afu5g14900_hrmA	SRR7418932.scaffold_215	54.13	375	152	20	32	395	1950	2315	2.7e-21	111.2
Afu5g14900_hrmA	A1163.scf_000009_A_fumigatus_A1163	57.80	327	123	15	1167	1480	1085051	1085375	1.6e-30	141.9
Afu5g14900_hrmA	ERR769505.scaffold_18	57.80	327	123	15	1167	1480	424617	424941	1.6e-30	141.9
Afu5g14900_hrmA	B75_30.scaffold_105	56.55	435	160	29	1605	1194	33441	33869	1.2e-25	125.7
Afu5g14900_hrmA	B75_30.scaffold_105	58.03	274	111	4	1117	846	33902	34173	2.5e-28	134.6
Afu5g14900_hrmA	B75_30.scaffold_105	57.14	259	99	12	290	39	34673	34926	3e-20	107.8
Afu5g14900_hrmA	SRR7418932.scaffold_1893	56.32	435	161	29	1194	1605	1172	1600	2.7e-25	124.5
Afu5g14900_hrmA	SRR7418932.scaffold_1893	58.03	274	111	4	846	1117	868	1139	2e-29	138.2
Afu5g14900_hrmA	SRR7418932.scaffold_1893	57.14	259	99	12	39	290	115	368	2.4e-21	111.4
Afu5g14900_hrmA	SRR7418923.scaffold_549	58.97	290	108	11	1194	1473	1001	1289	4.4e-25	123.8
Afu5g14900_hrmA	SRR7418923.scaffold_549	58.03	274	111	4	846	1117	697	968	1.6e-29	138.5
Afu5g14900_hrmA	SRR7418923.scaffold_549	57.14	196	77	7	100	290	4	197	9.8e-16	92.8
Afu5g14900_hrmA	ERR769507.scaffold_157	56.32	435	161	29	1194	1605	9160	9588	1.1e-24	122.5
Afu5g14900_hrmA	Afum_niveus_RP2014_gbk.JHOI01000324.1	56.32	435	161	29	1194	1605	15941	16369	1.8e-24	121.8
Afu5g14900_hrmA	SRR7418924.scaffold_296	56.32	435	161	29	1605	1194	3059	3487	2.6e-24	121.3
Afu5g14900_hrmA	SRR7418948.scaffold_289	56.32	435	161	29	1194	1605	24316	24744	2.6e-24	121.3
Afu5g14900_hrmA	SRR7418930.scaffold_297	56.32	435	161	29	1194	1605	24895	25323	2.6e-24	121.2
Afu5g14900_hrmA	ERR769501.scaffold_108	56.32	435	161	29	1605	1194	15456	15884	3e-24	121.0
Afu5g14900_hrmA	SRR7418926.scaffold_281	56.32	435	161	29	1194	1605	31428	31856	3.1e-24	121.0
Afu5g14900_hrmA	SRR7418925.scaffold_248	56.32	435	161	29	1194	1605	31447	31875	3.1e-24	121.0
Afu5g14900_hrmA	SRR7418934.scaffold_257	56.32	435	161	29	1605	1194	33431	33859	3.1e-24	121.0
Afu5g14900_hrmA	SRR7418934.scaffold_257	58.03	274	111	4	1117	846	33892	34163	2.4e-28	134.7
Afu5g14900_hrmA	SRR7418934.scaffold_257	57.14	259	99	12	290	39	34663	34916	2.8e-20	107.8
Afu5g14900_hrmA	SRR7418929.scaffold_267	56.32	435	161	29	1194	1605	31592	32020	3.1e-24	121.0
Afu5g14900_hrmA	SRR7418933.scaffold_31	56.32	435	161	29	1194	1605	182327	182755	3.2e-24	121.0
Afu5g14900_hrmA	IFM_61407.scaffold_860	54.94	435	169	27	1194	1606	2445	2874	6.1e-22	113.4
Afu5g14900_hrmA	IFM_61407.scaffold_860	56.76	259	100	12	39	290	1388	1641	1e-19	106.0
Afu5g14900_hrmA	SRR7418942.scaffold_815	58.03	274	111	4	846	1117	812	1083	1.8e-21	111.8
Afu5g14900_hrmA	SRR7418942.scaffold_815	57.14	259	99	12	39	290	59	312	1.8e-21	111.8
Afu5g14900_hrmA	SRR7418940.scaffold_365	54.42	430	177	19	1194	1605	11518	11946	9.7e-21	109.4
Afu5g14900_hrmA	SRR5676588.scaffold_58	54.84	434	171	25	1606	1194	154702	155131	3.5e-19	104.2
Afu5g14900_hrmA	IFM_61407.scaffold_569	54.84	434	171	25	1194	1606	1273	1702	3.8e-19	104.1
Afu5g14900_hrmA	IFM_58026.scaffold_526	54.84	434	171	25	1606	1194	1640	2069	4.4e-19	103.9
Afu5g14900_hrmA	B75_30.scaffold_128	54.84	434	171	25	1194	1606	3412	3841	5.4e-19	103.6
Afu5g14900_hrmA	SRR7418939.scaffold_448	54.84	434	171	25	1606	1194	10954	11383	5.4e-19	103.6
Afu5g14900_hrmA	SRR068950.scaffold_62	54.84	434	171	25	1194	1606	154313	154742	5.7e-19	103.5
Afu5g14900_hrmA	IFM_60514.scaffold_315	54.84	434	171	25	1606	1194	14713	15142	5.9e-19	103.5
Afu5g14900_hrmA	B54_13.scaffold_13	54.84	434	171	25	1194	1606	455352	455781	6.1e-19	103.4
Afu5g14900_hrmA	IFM_61118.scaffold_357	54.84	434	171	25	1606	1194	14896	15325	8.3e-19	103.0
Afu5g14900_hrmA	SRR5676587.scaffold_104	54.84	434	171	25	1606	1194	26301	26730	9.6e-19	102.8
Afu5g14900_hrmA	COH913.scaffold_12	54.71	435	170	27	1194	1606	301410	301839	3e-18	101.1
Afu5g14900_hrmA	SRR7418940.scaffold_664	97.67	43	1	0	1338	1380	1	43	2.5e-16	94.7
Afu5g14900_hrmA	COH934.scaffold_34	55.00	340	137	16	1195	1520	159001	159338	8e-14	86.4
Afu5g14900_hrmA	SRR7418940.scaffold_2156	63.41	123	33	12	1185	1068	251	366	4.5e-08	67.3
